6.582763481079256011e-11	1.583330000000000040e-11
5.963888121717962439e-11	1.555559999999999887e-11
1.479622486400887247e-11	1.111109999999999938e-11
1.982555445232294148e-11	1.200000000000000057e-11
8.612945500053355044e-11	1.655169999999999944e-11
6.717474690197196882e-11	1.587630000000000092e-11
9.821890605633569106e-12	9.999999999999999395e-12
1.007210707088630624e-10	1.692310000000000086e-11
8.559248331961384244e-11	1.652170000000000058e-11
4.346052653525648102e-11	1.444439999999999932e-11
7.935728614962530981e-12	9.473680000000000482e-12
9.371338775091501475e-11	1.677419999999999854e-11
3.431667615518737861e-11	1.374999999999999937e-11
4.087091469754145591e-11	1.428569999999999920e-11
5.459021056474197673e-11	1.529410000000000124e-11
9.793760624934266223e-11	1.687499999999999989e-11
7.179596854074064468e-11	1.607840000000000144e-11
8.829143367510277805e-11	1.661020000000000045e-11
3.870233842587659936e-11	1.411759999999999954e-11
7.063032404510334019e-11	1.603959999999999882e-11
4.058200030181191158e-11	1.428569999999999920e-11
3.334364589222713166e-11	1.365080000000000076e-11
3.868364387703235041e-11	1.420290000000000040e-11
3.535799946127829249e-11	1.393940000000000016e-11
9.247338353528299797e-11	1.672129999999999904e-11
6.623007982981717389e-11	1.587630000000000092e-11
7.838348556276703749e-11	1.633029999999999879e-11
9.328539670255411768e-11	1.677419999999999854e-11
2.444701180227991402e-11	1.245280000000000041e-11
7.692512757528875916e-11	1.626169999999999966e-11
6.299095723541066217e-11	1.569889999999999968e-11
3.288751734077866049e-11	1.365080000000000076e-11
2.314474412629676207e-11	1.245280000000000041e-11
9.428290555409746667e-11	1.677419999999999854e-11
8.415460338755169720e-11	1.649120000000000065e-11
2.397939244258331190e-11	1.272729999999999970e-11
3.736323620102683615e-11	1.411759999999999954e-11
2.472833873110103025e-11	1.272729999999999970e-11
7.239935308253155605e-11	1.607840000000000144e-11
2.116531707762990288e-11	1.230769999999999935e-11
3.173098565329290443e-11	1.354839999999999991e-11
6.867614744357319568e-12	9.189190000000000349e-12
6.251295424752302234e-12	8.888890000000000104e-12
8.493213502990567700e-11	1.649120000000000065e-11
1.138969132197759399e-12	7.096769999999999860e-12
8.056271240403008161e-11	1.639639999999999908e-11
6.960719910658474015e-11	1.595960000000000078e-11
3.003036495249453531e-11	1.333329999999999934e-11
7.831939221621852908e-11	1.626169999999999966e-11
5.886533072418735116e-11	1.550559999999999968e-11
8.856106060844932747e-11	1.663869999999999937e-11
6.368484616799584515e-11	1.569889999999999968e-11
8.695708277399111397e-11	1.661020000000000045e-11
6.318631135429964156e-11	1.569889999999999968e-11
2.146048081789204177e-11	1.230769999999999935e-11
7.183214973711166100e-11	1.607840000000000144e-11
7.577185384332672959e-11	1.619049999999999892e-11
5.290006713053509719e-11	1.518069999999999973e-11
8.624396957632741714e-11	1.655169999999999944e-11
6.734752787307772988e-11	1.587630000000000092e-11
1.233980132250489081e-11	1.047619999999999932e-11
3.797132346149344094e-11	1.411759999999999954e-11
9.225027725594899392e-11	1.672129999999999904e-11
8.886011124438950070e-11	1.663869999999999937e-11
4.361757912801033433e-11	1.452049999999999977e-11
2.811303118024220189e-11	1.310340000000000009e-11
4.138985212388098760e-12	7.878790000000000601e-12
8.308752035974397351e-11	1.646019999999999968e-11
8.716190442016693488e-11	1.655169999999999944e-11
8.870372228096525065e-11	1.663869999999999937e-11
8.942414699164237013e-11	1.661020000000000045e-11
9.186421948464490677e-11	1.672129999999999904e-11
8.695369324363094061e-11	1.658120000000000047e-11
7.476881121682839770e-11	1.615380000000000009e-11
4.088411231367366153e-11	1.436619999999999991e-11
8.667713245141059382e-12	9.743589999999999683e-12
1.573434276445856917e-11	1.148939999999999989e-11
5.269337329609777541e-11	1.518069999999999973e-11
8.777934722963169443e-11	1.661020000000000045e-11
1.007149103340336108e-11	9.999999999999999395e-12
5.013263859852215493e-11	1.499999999999999990e-11
4.018752115090300764e-12	8.235290000000000546e-12
1.503827883110343429e-11	1.111109999999999938e-11
7.940825042436384083e-11	1.633029999999999879e-11
9.534572876174327351e-11	1.679999999999999950e-11
9.880879033757882376e-11	1.689920000000000134e-11
7.665876992108991409e-11	1.622640000000000122e-11
5.519692753651681965e-12	8.571430000000000768e-12
8.338568441008701429e-11	1.649120000000000065e-11
9.121005839366453229e-12	9.743589999999999683e-12
7.911859607648589295e-12	9.473680000000000482e-12
7.360740570488422043e-11	1.611650000000000065e-11
7.555995199172710184e-11	1.619049999999999892e-11
9.674559788246423354e-11	1.685040000000000017e-11
6.917063353636316919e-11	1.595960000000000078e-11
3.492944809116869392e-11	1.393940000000000016e-11
9.355530639293559592e-11	1.674799999999999932e-11
4.812639668318826198e-11	1.493670000000000036e-11
6.358534484185249364e-11	1.569889999999999968e-11
6.294424904875855696e-11	1.569889999999999968e-11
1.240039573350843017e-11	1.069769999999999954e-11
9.345257538423982290e-11	1.674799999999999932e-11
5.844951716910806915e-11	1.545449999999999882e-11
2.835317672718998843e-11	1.322029999999999931e-11
8.444681338103738091e-11	1.649120000000000065e-11
3.425762265201938285e-11	1.374999999999999937e-11
8.700968856889273549e-11	1.658120000000000047e-11
7.918118252495978310e-12	9.473680000000000482e-12
1.971989560573582092e-11	1.200000000000000057e-11
1.886245827291603941e-11	1.183669999999999943e-11
3.775786618201348423e-11	1.411759999999999954e-11
1.247161135767442459e-11	1.047619999999999932e-11
4.561666196775420434e-11	1.466670000000000091e-11
7.925771184786043454e-11	1.636359999999999946e-11
7.125808785087655388e-11	1.603959999999999882e-11
1.383166653937944986e-11	1.090910000000000003e-11
5.287684707178280292e-11	1.518069999999999973e-11
7.314293190838829148e-11	1.611650000000000065e-11
2.581997363748772716e-11	1.298250000000000047e-11
7.914213460167912048e-11	1.629630000000000115e-11
5.983537460453414767e-11	1.555559999999999887e-11
4.456913131160149919e-11	1.466670000000000091e-11
9.862236669035935583e-11	1.687499999999999989e-11
7.314231021643863916e-11	1.611650000000000065e-11
1.405207694359168911e-11	1.090910000000000003e-11
7.282639576014522555e-11	1.615380000000000009e-11
1.069866530396594552e-12	7.096769999999999860e-12
1.053956008984970672e-11	1.024389999999999919e-11
1.919573447080552826e-11	1.183669999999999943e-11
2.161883369889197299e-11	1.230769999999999935e-11
6.759157778442963904e-11	1.587630000000000092e-11
4.874120170190092903e-11	1.493670000000000036e-11
8.712408681790769686e-11	1.658120000000000047e-11
1.876523445851364069e-11	1.183669999999999943e-11
7.632816748128177037e-11	1.622640000000000122e-11
1.035582667043428089e-12	7.096769999999999860e-12
9.342911409711863576e-12	9.743589999999999683e-12
8.712115354667549068e-11	1.658120000000000047e-11
8.442181415184675150e-11	1.649120000000000065e-11
9.622084940391328561e-11	1.682539999999999897e-11
3.100608087630386767e-11	1.344259999999999929e-11
7.789405572290649286e-11	1.633029999999999879e-11
3.962416022189977996e-11	1.420290000000000040e-11
3.420399688198069015e-11	1.384619999999999971e-11
2.172343435077705273e-11	1.230769999999999935e-11
7.680279607016844613e-11	1.626169999999999966e-11
5.165377457980790911e-12	8.571430000000000768e-12
2.248429122147799825e-11	1.230769999999999935e-11
9.098886400864414482e-11	1.669420000000000050e-11
6.255274646416931347e-11	1.569889999999999968e-11
7.311319397469332891e-11	1.607840000000000144e-11
9.883668298926549240e-12	9.999999999999999395e-12
2.499824510703781990e-11	1.285709999999999941e-11
8.625001554266885365e-12	9.743589999999999683e-12
2.098768985536819066e-12	7.499999999999999950e-12
1.546565837665788768e-11	1.111109999999999938e-11
8.614683931116635877e-11	1.655169999999999944e-11
3.711737426440357143e-11	1.402989999999999942e-11
2.766005145503406317e-11	1.298250000000000047e-11
4.319498291755222233e-11	1.452049999999999977e-11
3.228116462864139122e-11	1.365080000000000076e-11
6.423483474381924342e-11	1.574470000000000096e-11
2.245349785703818132e-11	1.230769999999999935e-11
1.000154593724340414e-10	1.692310000000000086e-11
8.859735778132668482e-11	1.663869999999999937e-11
9.642179840667503013e-11	1.682539999999999897e-11
1.857097900124362397e-11	1.183669999999999943e-11
6.434488129307314220e-11	1.578950000000000012e-11
6.663769648659923492e-11	1.587630000000000092e-11
3.222380991945593277e-11	1.365080000000000076e-11
7.946009218575151445e-11	1.636359999999999946e-11
4.939563460366347212e-11	1.499999999999999990e-11
6.649755385326920975e-11	1.587630000000000092e-11
5.371631010226528803e-11	1.523809999999999906e-11
3.302059583855446918e-11	1.365080000000000076e-11
8.687440225817492216e-11	1.658120000000000047e-11
6.882980526560724905e-11	1.595960000000000078e-11
2.322161253449886181e-11	1.259260000000000028e-11
5.029830044078305895e-11	1.506169999999999993e-11
2.356358170109487393e-11	1.259260000000000028e-11
5.588540721302554713e-11	1.529410000000000124e-11
2.144262144647860347e-11	1.215690000000000043e-11
5.506253149266787680e-12	8.888890000000000104e-12
4.785845693144916884e-11	1.493670000000000036e-11
8.000752167629159902e-11	1.636359999999999946e-11
1.992374401201202319e-11	1.200000000000000057e-11
4.224169588068802193e-11	1.452049999999999977e-11
6.613060570677134514e-11	1.583330000000000040e-11
7.949790345627941230e-11	1.633029999999999879e-11
5.451852755474873821e-12	8.571430000000000768e-12
1.152072492581989777e-11	1.024389999999999919e-11
8.437796466617529385e-11	1.649120000000000065e-11
3.556785917316488910e-11	1.393940000000000016e-11
6.898870865938945800e-11	1.595960000000000078e-11
8.032944311979418693e-11	1.639639999999999908e-11
5.619275815158242832e-11	1.534879999999999938e-11
7.448799298408781500e-11	1.619049999999999892e-11
3.784114779984503824e-11	1.411759999999999954e-11
3.403919006394572442e-11	1.374999999999999937e-11
4.754498458853412142e-12	8.571430000000000768e-12
8.420719314658094201e-11	1.649120000000000065e-11
2.307809828566588108e-11	1.259260000000000028e-11
9.722897341238707349e-11	1.685040000000000017e-11
6.525369137890275768e-11	1.578950000000000012e-11
6.038666471015204075e-11	1.555559999999999887e-11
7.626676164659108388e-12	9.473680000000000482e-12
6.902363735516128936e-11	1.595960000000000078e-11
8.414593231556042651e-11	1.649120000000000065e-11
3.822124978025756644e-11	1.420290000000000040e-11
1.944231091984005452e-13	7.096769999999999860e-12
4.113619234156211836e-11	1.436619999999999991e-11
3.956434988247348138e-11	1.428569999999999920e-11
6.440567821360193185e-11	1.574470000000000096e-11
8.397064090566047433e-13	7.096769999999999860e-12
4.191625934306585134e-11	1.444439999999999932e-11
8.155608275751257988e-11	1.642860000000000131e-11
9.843620636618328520e-11	1.689920000000000134e-11
8.530197330249105822e-11	1.652170000000000058e-11
1.585375080070782026e-11	1.130429999999999980e-11
9.327410667575492305e-11	1.674799999999999932e-11
4.126442231110732159e-11	1.436619999999999991e-11
7.075409562012968606e-11	1.599999999999999968e-11
7.110148244571260644e-11	1.603959999999999882e-11
6.866480198930245274e-11	1.591839999999999889e-11
4.214752490836168500e-11	1.444439999999999932e-11
9.641738597490647920e-13	7.096769999999999860e-12
9.551320118740364644e-12	9.743589999999999683e-12
6.895296425036740581e-11	1.595960000000000078e-11
8.538710536165758542e-11	1.655169999999999944e-11
7.723777641895873935e-11	1.629630000000000115e-11
6.812798721109820755e-11	1.591839999999999889e-11
8.690716376397519663e-11	1.658120000000000047e-11
8.848648619255806641e-11	1.661020000000000045e-11
5.866080417002663211e-11	1.550559999999999968e-11
4.409024097842024391e-11	1.459460000000000084e-11
7.956359377585350702e-11	1.633029999999999879e-11
8.418192107509929261e-11	1.649120000000000065e-11
9.474008845187272880e-11	1.679999999999999950e-11
6.177537677471502640e-11	1.565219999999999908e-11
7.798390511550996673e-11	1.626169999999999966e-11
4.644112589882706809e-11	1.480519999999999996e-11
1.682552927833724088e-11	1.130429999999999980e-11
6.225152214084169508e-11	1.565219999999999908e-11
5.542376562024520360e-11	1.534879999999999938e-11
1.040946779701119370e-11	9.999999999999999395e-12
5.940151258546209120e-11	1.555559999999999887e-11
5.694949440735484413e-11	1.540229999999999951e-11
8.451159859192494602e-11	1.652170000000000058e-11
7.702357817503022865e-12	9.473680000000000482e-12
8.801208083363642476e-12	9.743589999999999683e-12
7.643569301159162921e-11	1.622640000000000122e-11
6.990146225645459512e-11	1.599999999999999968e-11
8.820011443266421654e-11	1.663869999999999937e-11
9.180315639597949703e-11	1.669420000000000050e-11
3.048369623202994114e-11	1.333329999999999934e-11
6.285415002150261123e-11	1.574470000000000096e-11
4.945478751409532780e-11	1.493670000000000036e-11
6.823445524958147218e-12	9.189190000000000349e-12
9.641970266619519748e-11	1.682539999999999897e-11
1.917818353854794150e-11	1.183669999999999943e-11
1.624369825148973062e-11	1.111109999999999938e-11
4.393090625355541788e-11	1.459460000000000084e-11
1.973715025766906521e-11	1.200000000000000057e-11
8.549455593843159000e-11	1.655169999999999944e-11
9.699795872579484108e-12	9.743589999999999683e-12
8.477074240150976992e-11	1.649120000000000065e-11
4.712595551714970733e-11	1.480519999999999996e-11
5.081944464032654890e-11	1.506169999999999993e-11
7.052063737437188678e-12	9.189190000000000349e-12
9.527629659149313959e-11	1.679999999999999950e-11
3.801151873084962424e-11	1.411759999999999954e-11
3.501700398833570143e-11	1.384619999999999971e-11
8.787634503809380100e-11	1.661020000000000045e-11
4.711372481119169316e-11	1.480519999999999996e-11
3.111000863140435931e-11	1.344259999999999929e-11
4.683233725092602706e-11	1.480519999999999996e-11
4.261173526809066661e-11	1.444439999999999932e-11
2.332843503830371933e-11	1.230769999999999935e-11
8.723408857451047500e-11	1.661020000000000045e-11
4.285647729884214265e-12	8.235290000000000546e-12
4.005934376647014118e-11	1.428569999999999920e-11
1.536414707549862799e-11	1.111109999999999938e-11
3.173835576441175541e-11	1.354839999999999991e-11
1.449138277612456576e-11	1.111109999999999938e-11
6.566632919050844346e-11	1.578950000000000012e-11
5.589288691208547345e-11	1.540229999999999951e-11
8.821279048310618347e-11	1.661020000000000045e-11
1.068143442147611586e-11	1.024389999999999919e-11
6.907837358001565111e-12	8.888890000000000104e-12
4.423196128438699504e-11	1.459460000000000084e-11
5.422480663917544537e-11	1.523809999999999906e-11
1.463508872226425690e-11	1.111109999999999938e-11
5.534661140807658199e-11	1.529410000000000124e-11
4.840640635598863157e-11	1.493670000000000036e-11
7.140175523224122446e-11	1.607840000000000144e-11
7.694267806183808664e-11	1.626169999999999966e-11
8.051620773262423779e-11	1.639639999999999908e-11
5.806320656075191551e-11	1.545449999999999882e-11
5.993722276796575193e-11	1.555559999999999887e-11
9.103224554688347449e-11	1.666670000000000046e-11
2.773811362093915561e-11	1.298250000000000047e-11
5.770558013165002225e-11	1.540229999999999951e-11
3.011486788453332086e-11	1.333329999999999934e-11
4.225925368076283262e-11	1.452049999999999977e-11
6.777960024023319198e-11	1.587630000000000092e-11
2.732360688727595275e-11	1.298250000000000047e-11
4.510099321386798295e-11	1.466670000000000091e-11
9.720401308675869076e-11	1.685040000000000017e-11
1.003470625083470297e-10	1.692310000000000086e-11
3.739255557439522013e-11	1.411759999999999954e-11
4.529077228151796370e-11	1.473679999999999997e-11
9.425977381445370622e-12	9.743589999999999683e-12
7.919082758160594550e-11	1.633029999999999879e-11
6.738053272401799507e-11	1.587630000000000092e-11
8.444559460769237871e-11	1.652170000000000058e-11
7.425735335023694479e-11	1.615380000000000009e-11
7.435015878289886320e-11	1.615380000000000009e-11
4.554120928550198801e-11	1.473679999999999997e-11
9.156665380318157006e-11	1.669420000000000050e-11
9.891379928717000547e-11	1.689920000000000134e-11
1.542829603042461464e-11	1.111109999999999938e-11
8.210334184971769358e-11	1.646019999999999968e-11
6.227625476942120077e-11	1.565219999999999908e-11
8.026560055041685331e-11	1.636359999999999946e-11
9.454564854897417598e-11	1.679999999999999950e-11
1.985782578400777957e-11	1.215690000000000043e-11
9.138978117433494784e-11	1.669420000000000050e-11
5.100535786968395240e-11	1.499999999999999990e-11
7.552612011925139056e-11	1.622640000000000122e-11
9.450300640176859007e-11	1.677419999999999854e-11
8.361490437137490761e-11	1.649120000000000065e-11
9.784773203921546909e-12	9.743589999999999683e-12
4.498099917724748387e-11	1.466670000000000091e-11
3.980019993884896714e-11	1.428569999999999920e-11
2.369010931793743694e-11	1.245280000000000041e-11
8.700054906928538192e-11	1.658120000000000047e-11
4.204190247404019729e-11	1.444439999999999932e-11
2.041267683577593428e-11	1.215690000000000043e-11
8.883404752350687568e-11	1.663869999999999937e-11
4.140022749321192260e-11	1.444439999999999932e-11
2.848694968810837087e-11	1.322029999999999931e-11
6.043843863861771238e-11	1.560440000000000003e-11
4.457710426947058114e-11	1.459460000000000084e-11
4.440336682535787581e-11	1.466670000000000091e-11
9.091921606157463425e-11	1.669420000000000050e-11
7.777151981192951971e-11	1.629630000000000115e-11
1.043481062274318835e-11	9.999999999999999395e-12
1.103556874645707324e-11	1.024389999999999919e-11
2.362346966720780871e-11	1.245280000000000041e-11
4.830966736975458134e-11	1.487180000000000131e-11
9.687539382762907669e-13	7.096769999999999860e-12
5.487733320747150627e-12	8.571430000000000768e-12
5.797025888832473217e-11	1.545449999999999882e-11
8.664379208312464219e-12	9.743589999999999683e-12
1.260173821988919811e-11	1.069769999999999954e-11
2.355226151181281983e-11	1.245280000000000041e-11
9.872962054845722439e-11	1.689920000000000134e-11
5.041173838298398897e-11	1.506169999999999993e-11
6.871485986247145239e-12	8.888890000000000104e-12
7.155388112676014168e-11	1.607840000000000144e-11
9.899496320141219876e-11	1.689920000000000134e-11
6.925062436537272528e-11	1.595960000000000078e-11
2.648047424987215474e-11	1.285709999999999941e-11
3.502608741883253486e-11	1.384619999999999971e-11
4.166661158371100955e-11	1.444439999999999932e-11
9.862994232013622103e-11	1.687499999999999989e-11
4.774672122005746643e-11	1.487180000000000131e-11
5.920596427753479071e-11	1.550559999999999968e-11
8.663910555637183025e-11	1.655169999999999944e-11
2.353086097611846564e-12	7.878790000000000601e-12
4.372366849968344829e-11	1.459460000000000084e-11
5.782532120161171872e-11	1.545449999999999882e-11
4.982120901742832932e-11	1.499999999999999990e-11
4.431870441455508650e-11	1.466670000000000091e-11
9.884370879210378558e-11	1.689920000000000134e-11
3.522193399003728871e-11	1.384619999999999971e-11
9.393952602858849793e-11	1.677419999999999854e-11
5.703300799516016018e-11	1.540229999999999951e-11
7.901818586663797567e-11	1.633029999999999879e-11
7.933709422580078795e-11	1.633029999999999879e-11
8.889842883093321610e-11	1.663869999999999937e-11
2.617318924820321775e-11	1.285709999999999941e-11
7.393171844669280130e-11	1.615380000000000009e-11
6.455880856675604905e-11	1.578950000000000012e-11
4.398860150849208037e-11	1.459460000000000084e-11
2.328719850545678076e-11	1.259260000000000028e-11
8.577755230551843113e-11	1.655169999999999944e-11
2.614702933874127774e-11	1.285709999999999941e-11
9.929661475877817115e-12	9.999999999999999395e-12
2.213113829150852247e-11	1.230769999999999935e-11
8.901401913310510732e-11	1.663869999999999937e-11
8.424863801618799772e-11	1.649120000000000065e-11
8.203420884143127948e-11	1.642860000000000131e-11
2.656525890191807191e-11	1.298250000000000047e-11
9.128269289432968410e-11	1.669420000000000050e-11
5.032743639284047615e-11	1.499999999999999990e-11
1.663191484150269056e-11	1.148939999999999989e-11
2.196954451201238621e-11	1.230769999999999935e-11
8.186240453251173055e-11	1.642860000000000131e-11
2.146096446875434171e-11	1.230769999999999935e-11
7.052601468225754878e-11	1.599999999999999968e-11
6.227350627362836405e-11	1.569889999999999968e-11
3.723332625136442745e-12	8.235290000000000546e-12
7.247663500152094683e-11	1.607840000000000144e-11
8.536432607866410657e-11	1.655169999999999944e-11
6.752501704218406339e-11	1.587630000000000092e-11
2.182741544465743399e-11	1.215690000000000043e-11
4.337208766760884911e-11	1.452049999999999977e-11
4.346485663683846586e-11	1.452049999999999977e-11
8.318785734380681293e-11	1.646019999999999968e-11
2.275780511442889951e-11	1.230769999999999935e-11
7.330279100656865122e-11	1.611650000000000065e-11
1.677818007981939613e-11	1.148939999999999989e-11
3.038055194398659783e-12	7.878790000000000601e-12
5.980803044010803485e-11	1.555559999999999887e-11
9.138808245972030630e-11	1.672129999999999904e-11
5.845944771398985887e-11	1.545449999999999882e-11
3.568167778327535053e-11	1.402989999999999942e-11
8.566892675415996472e-11	1.652170000000000058e-11
9.053463404196102688e-12	9.743589999999999683e-12
9.224966322707431046e-11	1.672129999999999904e-11
6.454484032298920717e-11	1.578950000000000012e-11
8.553464291312830224e-11	1.652170000000000058e-11
7.718958320681034498e-11	1.626169999999999966e-11
5.882015631710102853e-11	1.550559999999999968e-11
4.386242558401600332e-11	1.459460000000000084e-11
3.937284701925531475e-11	1.428569999999999920e-11
1.647970541500867728e-11	1.130429999999999980e-11
3.813572179185257714e-11	1.411759999999999954e-11
8.580600081717284200e-11	1.655169999999999944e-11
4.182973191772913293e-11	1.436619999999999991e-11
8.037058417092185884e-11	1.636359999999999946e-11
2.393407299186052716e-11	1.259260000000000028e-11
4.524738980983326242e-11	1.466670000000000091e-11
7.382197902341912001e-11	1.615380000000000009e-11
6.007933340790602162e-11	1.555559999999999887e-11
2.310961161460980315e-11	1.245280000000000041e-11
7.626272770218123449e-11	1.622640000000000122e-11
4.261312952189446502e-11	1.444439999999999932e-11
2.235676132725806868e-11	1.230769999999999935e-11
7.788588931308287339e-11	1.629630000000000115e-11
2.411794899562281714e-11	1.259260000000000028e-11
8.606419975704347585e-11	1.655169999999999944e-11
4.997646341863389648e-11	1.493670000000000036e-11
5.298331108928632699e-11	1.518069999999999973e-11
5.151079019119390849e-11	1.506169999999999993e-11
2.145728033202640071e-11	1.230769999999999935e-11
3.202743869586270385e-11	1.365080000000000076e-11
4.526305295264361791e-11	1.466670000000000091e-11
2.498155964881460599e-11	1.259260000000000028e-11
1.785706553267800536e-11	1.166669999999999996e-11
2.860238038862685240e-11	1.310340000000000009e-11
4.960401406956561070e-11	1.499999999999999990e-11
9.828790313802848991e-11	1.689920000000000134e-11
9.761273970938642005e-11	1.687499999999999989e-11
9.161822835951864774e-11	1.669420000000000050e-11
1.677889630025735516e-11	1.130429999999999980e-11
8.511364942486321127e-11	1.652170000000000058e-11
4.204574576995278001e-11	1.444439999999999932e-11
5.656878963294179652e-12	9.189190000000000349e-12
5.246934780930810099e-11	1.518069999999999973e-11
8.759525011510051291e-12	9.473680000000000482e-12
7.858237152724906510e-11	1.629630000000000115e-11
9.609347900652427039e-11	1.682539999999999897e-11
9.251489448138939626e-11	1.674799999999999932e-11
1.695488680248218528e-11	1.148939999999999989e-11
4.654937989363884947e-11	1.480519999999999996e-11
9.030622311621366115e-11	1.666670000000000046e-11
7.291231473053054355e-11	1.611650000000000065e-11
3.241447623214291388e-11	1.365080000000000076e-11
3.608036213659444319e-11	1.393940000000000016e-11
5.582796995859301275e-11	1.529410000000000124e-11
6.951634846670487355e-11	1.599999999999999968e-11
9.429893651961982754e-13	7.096769999999999860e-12
7.162342820908040472e-12	9.189190000000000349e-12
7.274314640440925336e-11	1.607840000000000144e-11
3.783941666856069179e-11	1.411759999999999954e-11
8.886253062782198822e-12	9.743589999999999683e-12
1.499133358082088264e-11	1.111109999999999938e-11
5.772944139809668128e-11	1.545449999999999882e-11
3.593053788111841596e-11	1.393940000000000016e-11
4.305788196872118926e-11	1.452049999999999977e-11
9.559419670635456833e-11	1.682539999999999897e-11
3.926009977532066069e-11	1.428569999999999920e-11
7.088286250957548131e-11	1.603959999999999882e-11
6.568470129584489987e-11	1.583330000000000040e-11
4.404360902896259158e-11	1.459460000000000084e-11
1.139814758758236231e-11	1.024389999999999919e-11
2.474299089884054268e-11	1.272729999999999970e-11
6.528795432902247186e-11	1.583330000000000040e-11
2.182371029800368187e-11	1.230769999999999935e-11
9.278494546277507933e-11	1.672129999999999904e-11
9.738824025954429706e-11	1.685040000000000017e-11
1.303311130388449704e-11	1.069769999999999954e-11
5.977708276138670856e-12	8.888890000000000104e-12
7.027810570999536988e-11	1.599999999999999968e-11
5.158435605867001309e-11	1.512199999999999958e-11
7.068225965981933097e-11	1.599999999999999968e-11
9.879549334925780759e-11	1.689920000000000134e-11
3.773787829166620397e-11	1.411759999999999954e-11
4.297868921633849332e-11	1.444439999999999932e-11
2.443399976072578296e-11	1.272729999999999970e-11
7.463197264970654942e-11	1.619049999999999892e-11
3.346457804935870042e-11	1.374999999999999937e-11
8.332918794340524068e-11	1.646019999999999968e-11
9.436392049178443160e-12	9.999999999999999395e-12
6.095182854385215213e-11	1.555559999999999887e-11
7.928019187113082223e-11	1.633029999999999879e-11
8.370752530336856115e-12	9.473680000000000482e-12
9.691712354575072326e-11	1.685040000000000017e-11
1.432739123870499284e-11	1.090910000000000003e-11
7.825886059003375757e-11	1.633029999999999879e-11
5.840335968289754716e-11	1.545449999999999882e-11
5.224677740207297415e-11	1.512199999999999958e-11
3.203702485173640711e-11	1.344259999999999929e-11
1.782584109953189467e-11	1.166669999999999996e-11
2.766471865139221576e-11	1.310340000000000009e-11
6.721013126454693680e-11	1.591839999999999889e-11
9.384658762255937262e-11	1.677419999999999854e-11
9.718817671776720634e-11	1.685040000000000017e-11
9.489450335949444200e-11	1.679999999999999950e-11
9.785555052591645926e-11	1.687499999999999989e-11
2.613484435953933867e-11	1.298250000000000047e-11
8.293126813428924396e-11	1.646019999999999968e-11
4.910534029629129112e-11	1.493670000000000036e-11
1.204096695291919590e-12	7.096769999999999860e-12
4.204613117177958530e-11	1.444439999999999932e-11
7.328320607003966410e-11	1.607840000000000144e-11
5.792817870573190858e-11	1.545449999999999882e-11
2.969717104785998295e-12	8.235290000000000546e-12
5.947481078241028938e-11	1.550559999999999968e-11
7.031963732516666308e-11	1.599999999999999968e-11
6.240933565785925326e-11	1.569889999999999968e-11
5.513125837055031252e-11	1.529410000000000124e-11
2.939263448642705860e-11	1.322029999999999931e-11
6.942036156095434129e-11	1.595960000000000078e-11
7.535117030965072639e-12	9.473680000000000482e-12
3.284443424574553754e-11	1.354839999999999991e-11
6.808404243175221288e-11	1.591839999999999889e-11
6.278656241521233611e-12	8.888890000000000104e-12
6.289016607444117018e-11	1.569889999999999968e-11
5.470271787149276891e-11	1.529410000000000124e-11
2.775538692608608328e-11	1.310340000000000009e-11
6.604930448211085233e-11	1.583330000000000040e-11
5.496181854516452320e-11	1.529410000000000124e-11
6.865837242874653221e-11	1.591839999999999889e-11
4.489655665900831593e-11	1.466670000000000091e-11
5.787702243843833815e-11	1.545449999999999882e-11
4.133768628821139190e-11	1.444439999999999932e-11
8.452812531558757699e-11	1.649120000000000065e-11
3.446997010204774099e-11	1.374999999999999937e-11
2.178250207805287051e-11	1.230769999999999935e-11
4.804543754903235651e-11	1.487180000000000131e-11
9.875508239318671511e-11	1.689920000000000134e-11
1.307733574942203669e-11	1.069769999999999954e-11
7.324993590384689153e-11	1.611650000000000065e-11
6.273408557240743177e-11	1.565219999999999908e-11
1.927434977055505736e-11	1.183669999999999943e-11
6.871470766723800735e-12	9.473680000000000482e-12
7.688441013862087540e-11	1.626169999999999966e-11
2.394223905559744904e-11	1.245280000000000041e-11
9.308482204327553856e-11	1.672129999999999904e-11
9.663825103646955340e-12	9.743589999999999683e-12
8.170591018295413974e-11	1.639639999999999908e-11
3.079686342136883954e-11	1.344259999999999929e-11
7.832042958687315733e-11	1.633029999999999879e-11
3.229287523826701463e-11	1.354839999999999991e-11
5.067609503293535372e-11	1.499999999999999990e-11
1.755313125921629761e-11	1.166669999999999996e-11
9.353215105090710538e-11	1.674799999999999932e-11
7.368692388817619090e-12	9.189190000000000349e-12
7.966391731361936939e-11	1.636359999999999946e-11
7.600250578877266608e-11	1.626169999999999966e-11
6.957481948573499115e-11	1.599999999999999968e-11
1.274295285513908530e-11	1.047619999999999932e-11
8.147311012054805785e-11	1.642860000000000131e-11
1.292217628897719317e-11	1.047619999999999932e-11
1.276704229365004040e-12	7.096769999999999860e-12
8.720586639934071789e-11	1.661020000000000045e-11
5.930867288717009873e-11	1.555559999999999887e-11
1.112982925902454817e-11	1.047619999999999932e-11
9.161202932815505605e-11	1.669420000000000050e-11
5.197998306813811209e-11	1.512199999999999958e-11
4.039552288034780542e-11	1.436619999999999991e-11
6.889442257825416433e-13	7.096769999999999860e-12
3.544705520306945791e-11	1.393940000000000016e-11
1.964379766627228350e-11	1.183669999999999943e-11
8.949661285913048655e-11	1.663869999999999937e-11
3.294894112243318929e-11	1.365080000000000076e-11
8.744306125559164917e-11	1.658120000000000047e-11
6.575395038430769712e-11	1.583330000000000040e-11
6.552562799505998874e-11	1.578950000000000012e-11
8.466027158379481772e-11	1.652170000000000058e-11
4.061404895368022550e-11	1.428569999999999920e-11
3.975929587467282591e-11	1.428569999999999920e-11
1.276537224650114945e-11	1.069769999999999954e-11
8.449015461874418657e-11	1.649120000000000065e-11
4.982901173623797375e-11	1.499999999999999990e-11
8.605432251787524402e-11	1.655169999999999944e-11
3.554391565583605425e-11	1.393940000000000016e-11
8.795507438630636027e-11	1.661020000000000045e-11
1.541434459067600293e-11	1.111109999999999938e-11
2.468066260828225923e-11	1.272729999999999970e-11
5.881452384638747032e-11	1.550559999999999968e-11
1.420130991850467991e-11	1.090910000000000003e-11
6.913115544330481733e-11	1.595960000000000078e-11
9.661618152684664524e-11	1.685040000000000017e-11
6.077226209345636581e-11	1.565219999999999908e-11
8.505256842686358466e-11	1.655169999999999944e-11
6.353739079298730554e-11	1.574470000000000096e-11
5.750606874040563308e-11	1.545449999999999882e-11
8.056565605544238716e-11	1.639639999999999908e-11
5.154970701729009545e-11	1.506169999999999993e-11
4.332864516504675339e-11	1.459460000000000084e-11
4.178430507383041961e-11	1.444439999999999932e-11
3.646214483655982556e-11	1.402989999999999942e-11
7.807978986123736168e-11	1.629630000000000115e-11
2.172542038999009188e-11	1.215690000000000043e-11
7.567619244803275274e-11	1.622640000000000122e-11
5.871384126577019442e-11	1.550559999999999968e-11
8.285861566265387873e-11	1.646019999999999968e-11
4.601965542271019969e-11	1.473679999999999997e-11
1.401908684665065320e-12	7.096769999999999860e-12
8.629309171908691271e-11	1.655169999999999944e-11
5.466025671063841479e-12	8.888890000000000104e-12
1.359482622286341023e-11	1.090910000000000003e-11
7.497161053799064429e-11	1.622640000000000122e-11
3.535993776297881197e-11	1.384619999999999971e-11
8.690490876129142895e-12	9.743589999999999683e-12
4.154693244794764652e-12	8.235290000000000546e-12
4.412791716719908990e-11	1.466670000000000091e-11
7.049198691865490053e-11	1.595960000000000078e-11
2.316376541560559886e-11	1.245280000000000041e-11
8.316384415023650697e-11	1.646019999999999968e-11
6.064442223005561751e-11	1.555559999999999887e-11
5.425908693397022184e-12	8.571430000000000768e-12
2.395273325456105584e-11	1.259260000000000028e-11
8.188351990919126785e-11	1.642860000000000131e-11
5.528890761243649891e-11	1.534879999999999938e-11
3.648828093443405005e-11	1.393940000000000016e-11
7.611977650212851808e-11	1.622640000000000122e-11
3.497626167727158781e-12	7.878790000000000601e-12
4.307980550766506492e-11	1.452049999999999977e-11
6.831132629810085246e-13	7.096769999999999860e-12
1.805897600355687055e-11	1.166669999999999996e-11
6.055655851772502907e-11	1.555559999999999887e-11
9.702080247303373045e-11	1.687499999999999989e-11
8.707417893713595839e-11	1.658120000000000047e-11
2.091504564201830338e-11	1.215690000000000043e-11
8.572104159484713911e-11	1.655169999999999944e-11
2.526211615360676637e-11	1.272729999999999970e-11
1.927005354283883116e-11	1.200000000000000057e-11
6.401726690975002770e-11	1.574470000000000096e-11
4.313961580592477515e-11	1.444439999999999932e-11
1.878431161715245563e-11	1.183669999999999943e-11
7.257738967704700323e-11	1.607840000000000144e-11
5.661942762941460703e-11	1.534879999999999938e-11
6.481210157887838753e-11	1.578950000000000012e-11
1.344085340120920151e-11	1.069769999999999954e-11
6.182344420123267093e-11	1.560440000000000003e-11
2.512412490638110327e-11	1.272729999999999970e-11
9.722615686104434064e-11	1.685040000000000017e-11
1.629662117060293077e-11	1.130429999999999980e-11
4.400254671035677611e-11	1.459460000000000084e-11
9.923042455652312427e-11	1.692310000000000086e-11
4.303159528706862636e-11	1.452049999999999977e-11
1.307214471295656812e-11	1.090910000000000003e-11
2.514708660687383221e-11	1.272729999999999970e-11
3.984847024047236961e-11	1.428569999999999920e-11
8.619337705310451015e-11	1.655169999999999944e-11
5.621377917886183520e-11	1.540229999999999951e-11
7.892552261942076555e-11	1.633029999999999879e-11
7.341850263249320393e-11	1.615380000000000009e-11
4.715835374614881815e-11	1.480519999999999996e-11
7.283812432352503953e-11	1.611650000000000065e-11
9.130866359426759642e-11	1.669420000000000050e-11
7.676590634074698391e-11	1.626169999999999966e-11
7.664394101062735805e-11	1.626169999999999966e-11
9.323670708129684697e-11	1.674799999999999932e-11
7.672068495973113754e-11	1.626169999999999966e-11
7.749426136725266254e-11	1.629630000000000115e-11
6.827469155502402629e-11	1.591839999999999889e-11
5.902433790735580063e-11	1.550559999999999968e-11
5.521364164525680696e-11	1.534879999999999938e-11
5.133539722575906298e-11	1.506169999999999993e-11
4.696005518688271665e-11	1.480519999999999996e-11
9.483028074541095638e-11	1.679999999999999950e-11
7.719582057758112104e-12	9.473680000000000482e-12
5.179455654316958660e-11	1.512199999999999958e-11
1.391835280183696413e-11	1.090910000000000003e-11
4.791305050701736005e-11	1.487180000000000131e-11
9.705768371993279356e-11	1.687499999999999989e-11
2.836605469286908452e-12	7.878790000000000601e-12
3.659302529127168524e-11	1.402989999999999942e-11
5.823090347980515780e-11	1.550559999999999968e-11
7.003368124973968371e-11	1.599999999999999968e-11
2.911523271223967810e-11	1.322029999999999931e-11
1.111245790172703163e-11	1.024389999999999919e-11
8.207413545465879924e-11	1.642860000000000131e-11
4.643476642364066681e-11	1.473679999999999997e-11
8.716528558080969448e-11	1.658120000000000047e-11
4.502747545052579617e-11	1.466670000000000091e-11
4.288049903196124623e-11	1.444439999999999932e-11
2.857724911497638440e-11	1.310340000000000009e-11
1.581971423074186682e-11	1.130429999999999980e-11
5.048852140658463336e-11	1.499999999999999990e-11
2.788645229652650776e-11	1.310340000000000009e-11
5.742401310197853238e-11	1.545449999999999882e-11
3.443213557226168988e-11	1.384619999999999971e-11
8.578388160532547109e-11	1.655169999999999944e-11
1.149696999411304084e-11	1.024389999999999919e-11
1.912727546619931878e-12	7.499999999999999950e-12
3.646935529280329979e-11	1.393940000000000016e-11
4.035089543898662637e-11	1.436619999999999991e-11
9.339336023682408513e-12	9.999999999999999395e-12
3.874523870729728060e-11	1.420290000000000040e-11
2.568239915996070135e-11	1.272729999999999970e-11
3.955055759105076575e-11	1.428569999999999920e-11
4.489551742222141253e-12	8.235290000000000546e-12
8.490990107485849651e-11	1.649120000000000065e-11
8.110815121664466780e-11	1.639639999999999908e-11
1.794850150487239205e-11	1.166669999999999996e-11
4.852399505161034779e-11	1.493670000000000036e-11
2.143485812123155207e-11	1.215690000000000043e-11
4.075906437573286617e-11	1.428569999999999920e-11
1.719401472215647058e-11	1.166669999999999996e-11
6.379920553851823286e-11	1.569889999999999968e-11
4.892843186367550930e-11	1.493670000000000036e-11
3.297046462451807954e-11	1.354839999999999991e-11
9.912539393345222258e-12	9.743589999999999683e-12
9.501106174684514351e-11	1.682539999999999897e-11
6.273540611780006298e-11	1.569889999999999968e-11
9.542742236976665069e-11	1.679999999999999950e-11
5.707189557456570055e-11	1.540229999999999951e-11
8.754209367928549021e-11	1.658120000000000047e-11
1.014237763824069308e-11	1.024389999999999919e-11
2.753839468293172910e-11	1.310340000000000009e-11
3.856918514557424646e-11	1.411759999999999954e-11
4.426022764617476604e-11	1.466670000000000091e-11
3.547558885546680561e-11	1.384619999999999971e-11
3.216400230523816201e-11	1.354839999999999991e-11
5.485325402582571068e-11	1.529410000000000124e-11
7.979754571722550648e-11	1.636359999999999946e-11
6.394317343714650107e-11	1.574470000000000096e-11
8.597648390980258082e-11	1.655169999999999944e-11
3.233000909344920955e-11	1.354839999999999991e-11
1.824244195110858265e-11	1.166669999999999996e-11
5.611181393777382712e-11	1.534879999999999938e-11
9.498646194497173169e-11	1.679999999999999950e-11
9.900316292061647596e-11	1.689920000000000134e-11
4.607123726862130650e-11	1.473679999999999997e-11
2.623386183946489293e-11	1.285709999999999941e-11
9.378809563955618329e-11	1.674799999999999932e-11
7.927547936204214646e-11	1.633029999999999879e-11
5.020272552454167806e-11	1.499999999999999990e-11
1.083157325427644937e-11	1.024389999999999919e-11
4.752250485915779843e-11	1.487180000000000131e-11
7.545908253380561858e-11	1.622640000000000122e-11
2.559848195181764388e-11	1.285709999999999941e-11
1.321448777532757695e-11	1.069769999999999954e-11
6.857471192898483337e-11	1.595960000000000078e-11
7.579077118171430344e-11	1.622640000000000122e-11
8.159077988710518540e-11	1.642860000000000131e-11
5.250067730373250354e-11	1.518069999999999973e-11
8.127427733033319588e-11	1.639639999999999908e-11
5.975606607629906172e-11	1.555559999999999887e-11
1.655770389568857455e-11	1.111109999999999938e-11
1.057950043048757328e-11	1.024389999999999919e-11
2.037285489584732065e-11	1.200000000000000057e-11
6.441424325576277249e-11	1.574470000000000096e-11
6.536533121483418779e-11	1.583330000000000040e-11
5.853985548626660095e-11	1.545449999999999882e-11
9.423647565047201181e-11	1.679999999999999950e-11
3.536193708552555240e-11	1.384619999999999971e-11
2.304751386334095795e-11	1.245280000000000041e-11
8.661937791869503149e-11	1.655169999999999944e-11
1.081887880726187207e-11	1.024389999999999919e-11
4.231585688796711836e-11	1.444439999999999932e-11
2.386589480073382486e-11	1.259260000000000028e-11
5.714737406192913894e-11	1.540229999999999951e-11
3.410662476510396644e-11	1.384619999999999971e-11
7.437864507946966389e-11	1.615380000000000009e-11
2.925520074349324989e-12	7.878790000000000601e-12
2.872931731349492568e-11	1.333329999999999934e-11
7.818802818738864542e-11	1.629630000000000115e-11
2.030708093869866960e-11	1.200000000000000057e-11
7.319591159576072055e-11	1.611650000000000065e-11
9.467632343637117693e-11	1.679999999999999950e-11
9.455059639465427518e-11	1.679999999999999950e-11
2.867159262103988626e-11	1.310340000000000009e-11
7.603434624710296277e-11	1.626169999999999966e-11
8.675345709170584034e-11	1.658120000000000047e-11
1.894546078461411102e-11	1.183669999999999943e-11
6.949288138609341353e-11	1.595960000000000078e-11
2.602114376971234132e-11	1.285709999999999941e-11
2.287771743042315050e-11	1.245280000000000041e-11
1.172962300657328441e-11	1.047619999999999932e-11
4.835579550666007159e-11	1.487180000000000131e-11
4.296433062889447064e-11	1.444439999999999932e-11
1.132292081631983934e-11	1.024389999999999919e-11
9.746804428621931238e-11	1.685040000000000017e-11
2.276123052775804255e-11	1.245280000000000041e-11
1.283217209110723916e-11	1.047619999999999932e-11
4.872945469923237762e-11	1.487180000000000131e-11
7.353528399021404335e-11	1.615380000000000009e-11
3.348215028948688422e-11	1.374999999999999937e-11
4.994352997513142855e-11	1.506169999999999993e-11
6.377627420280085903e-11	1.574470000000000096e-11
9.977335018359204221e-11	1.692310000000000086e-11
5.163748236190874273e-12	8.571430000000000768e-12
3.782166536332710598e-11	1.411759999999999954e-11
6.731735325733785013e-11	1.587630000000000092e-11
8.202218003374189573e-11	1.646019999999999968e-11
3.216892572247913143e-11	1.365080000000000076e-11
4.598893883286582024e-11	1.473679999999999997e-11
3.973966341011422439e-11	1.428569999999999920e-11
9.411660823011574026e-11	1.677419999999999854e-11
2.104768045961252503e-11	1.200000000000000057e-11
7.604604109734688684e-11	1.622640000000000122e-11
1.869103709578172445e-11	1.183669999999999943e-11
7.356046323752358637e-11	1.615380000000000009e-11
9.197134643217776065e-11	1.669420000000000050e-11
8.425842223231189980e-11	1.652170000000000058e-11
3.271108077243539481e-11	1.365080000000000076e-11
5.015672098064050837e-11	1.499999999999999990e-11
9.449699904875468725e-11	1.677419999999999854e-11
6.072583692062301247e-11	1.555559999999999887e-11
4.110064911492955876e-11	1.436619999999999991e-11
2.908760407925392867e-11	1.333329999999999934e-11
4.294034915180436405e-11	1.459460000000000084e-11
3.973899708710650572e-11	1.428569999999999920e-11
9.952297660911664363e-11	1.692310000000000086e-11
3.114517174687877942e-11	1.344259999999999929e-11
6.277675689738242634e-11	1.569889999999999968e-11
1.023368925323939857e-12	7.096769999999999860e-12
8.893639881554222681e-11	1.663869999999999937e-11
5.918390311335946172e-11	1.550559999999999968e-11
5.196289948308649338e-11	1.512199999999999958e-11
7.251547081991028404e-11	1.607840000000000144e-11
6.638800662120598591e-11	1.583330000000000040e-11
3.868002528492855037e-11	1.420290000000000040e-11
5.197078017505200061e-11	1.512199999999999958e-11
4.633798540209020656e-11	1.480519999999999996e-11
6.407093082820117118e-12	9.189190000000000349e-12
2.394959474227472908e-12	7.499999999999999950e-12
3.270784110798367619e-11	1.365080000000000076e-11
6.983565094113328274e-11	1.595960000000000078e-11
1.393276093562222754e-11	1.090910000000000003e-11
4.203283850015748379e-11	1.452049999999999977e-11
1.599621535358451692e-11	1.111109999999999938e-11
6.749153931915037927e-11	1.591839999999999889e-11
3.809407150803131863e-11	1.411759999999999954e-11
2.842658742433627407e-11	1.310340000000000009e-11
4.773616618684143536e-11	1.487180000000000131e-11
1.507219402344425272e-11	1.130429999999999980e-11
5.283502254372504607e-11	1.518069999999999973e-11
1.532340310071143196e-11	1.130429999999999980e-11
5.911851858396698074e-11	1.550559999999999968e-11
1.129879216208737036e-11	1.024389999999999919e-11
9.730107789542756008e-11	1.685040000000000017e-11
5.512486234868602035e-11	1.529410000000000124e-11
6.366562221341324855e-11	1.569889999999999968e-11
6.414713325043796364e-11	1.569889999999999968e-11
3.830146808813285706e-11	1.420290000000000040e-11
4.864448718301658460e-11	1.493670000000000036e-11
1.259746599193282389e-11	1.047619999999999932e-11
7.336823002103473797e-11	1.611650000000000065e-11
8.495211959259682105e-11	1.655169999999999944e-11
5.611503385978907837e-11	1.534879999999999938e-11
3.869591257848108250e-11	1.420290000000000040e-11
2.286232671659974875e-11	1.245280000000000041e-11
6.347504195948128557e-11	1.569889999999999968e-11
3.064447511646245030e-11	1.344259999999999929e-11
1.370675721069510044e-11	1.069769999999999954e-11
9.969160791009807344e-11	1.689920000000000134e-11
5.782181630225826646e-12	8.888890000000000104e-12
2.188221326821122066e-11	1.230769999999999935e-11
1.830654846640674829e-11	1.166669999999999996e-11
9.505889799859987044e-11	1.679999999999999950e-11
7.310558205142580811e-11	1.611650000000000065e-11
9.892595526949182366e-11	1.689920000000000134e-11
4.642735787449026507e-11	1.473679999999999997e-11
7.156995955416605866e-11	1.607840000000000144e-11
2.895597619695954882e-11	1.322029999999999931e-11
3.803199781580623874e-11	1.411759999999999954e-11
8.411185044036889819e-11	1.649120000000000065e-11
1.602287625926621408e-11	1.130429999999999980e-11
9.390578636731656829e-11	1.679999999999999950e-11
8.333974267441665107e-11	1.649120000000000065e-11
7.639038984155435459e-11	1.622640000000000122e-11
5.560924474317316305e-11	1.534879999999999938e-11
8.263294946743395394e-11	1.646019999999999968e-11
4.836406395654436550e-11	1.487180000000000131e-11
7.135068750666032960e-12	9.473680000000000482e-12
3.472661719836768640e-11	1.384619999999999971e-11
8.804852062644412536e-11	1.661020000000000045e-11
2.961864233196899104e-11	1.322029999999999931e-11
4.574075514798357913e-11	1.473679999999999997e-11
2.103525238788313712e-11	1.215690000000000043e-11
9.193827987922501020e-11	1.669420000000000050e-11
6.534094186101994884e-11	1.583330000000000040e-11
1.341110841103053756e-12	7.096769999999999860e-12
3.725331540354096796e-11	1.402989999999999942e-11
5.781666468252146447e-11	1.545449999999999882e-11
2.723828503620903300e-11	1.298250000000000047e-11
3.581269953430040238e-11	1.384619999999999971e-11
8.222920506512997505e-11	1.642860000000000131e-11
9.541618047036866556e-11	1.679999999999999950e-11
9.066113524151893136e-11	1.666670000000000046e-11
1.516626699315377952e-11	1.111109999999999938e-11
3.551447973716406147e-11	1.393940000000000016e-11
1.783532187419904830e-11	1.166669999999999996e-11
4.594781360637473680e-11	1.473679999999999997e-11
2.475080553019456245e-11	1.272729999999999970e-11
4.004831649609117815e-11	1.428569999999999920e-11
7.750949253804605613e-11	1.629630000000000115e-11
9.330693763754896087e-11	1.674799999999999932e-11
5.967696926714680250e-11	1.550559999999999968e-11
8.131434164575765436e-11	1.639639999999999908e-11
3.844010820263300923e-11	1.420290000000000040e-11
2.173835544323077359e-11	1.230769999999999935e-11
4.126976927722032093e-11	1.444439999999999932e-11
3.004830908306402496e-11	1.333329999999999934e-11
1.020335882655072816e-11	9.999999999999999395e-12
1.676237283572203567e-11	1.148939999999999989e-11
3.016598955952390325e-11	1.333329999999999934e-11
4.157814579612616708e-11	1.444439999999999932e-11
8.508582499909880035e-11	1.652170000000000058e-11
3.908001453343237306e-11	1.428569999999999920e-11
1.631886162318963074e-11	1.148939999999999989e-11
9.525939286825389148e-11	1.679999999999999950e-11
3.574438362205016537e-12	7.878790000000000601e-12
7.138048129557535268e-11	1.603959999999999882e-11
3.816902377297074362e-11	1.420290000000000040e-11
2.859936186670952829e-11	1.310340000000000009e-11
9.702647549066050828e-11	1.685040000000000017e-11
2.310331411002215582e-11	1.259260000000000028e-11
7.962926233375781396e-11	1.633029999999999879e-11
1.855851247564535927e-11	1.166669999999999996e-11
1.423837356912687840e-11	1.090910000000000003e-11
9.174611725602593894e-11	1.674799999999999932e-11
3.254703107064923629e-11	1.354839999999999991e-11
4.510261506574270138e-11	1.466670000000000091e-11
4.717050629705329367e-11	1.480519999999999996e-11
1.404290461347605708e-11	1.090910000000000003e-11
1.789332984285583206e-11	1.183669999999999943e-11
6.178498843598380698e-11	1.565219999999999908e-11
7.465934038502004128e-11	1.619049999999999892e-11
4.688903386660008872e-11	1.480519999999999996e-11
5.261195398786132170e-11	1.518069999999999973e-11
1.869293595306509413e-11	1.183669999999999943e-11
8.029787762451833066e-11	1.639639999999999908e-11
6.113405323137497379e-11	1.560440000000000003e-11
6.167920411383206887e-12	8.888890000000000104e-12
5.004833329936118569e-11	1.506169999999999993e-11
4.930674697201384808e-11	1.499999999999999990e-11
1.650030710274391393e-11	1.130429999999999980e-11
2.612863179872454862e-11	1.285709999999999941e-11
9.427881429889753655e-11	1.677419999999999854e-11
8.942308059043613879e-11	1.663869999999999937e-11
4.034000753422081177e-11	1.428569999999999920e-11
2.563311659525016958e-11	1.285709999999999941e-11
1.701075391960844266e-11	1.148939999999999989e-11
7.775033503986552616e-11	1.622640000000000122e-11
1.986094560627243908e-11	1.183669999999999943e-11
2.296593467983239796e-11	1.245280000000000041e-11
4.796797923285368178e-11	1.487180000000000131e-11
8.977850587571961174e-12	9.743589999999999683e-12
9.792157034925083907e-11	1.687499999999999989e-11
1.018023886536771967e-11	9.999999999999999395e-12
4.263578560888888721e-11	1.444439999999999932e-11
1.162652799744331255e-11	1.047619999999999932e-11
8.705387091193529317e-11	1.658120000000000047e-11
4.074280923528103803e-13	7.096769999999999860e-12
1.918561158809669690e-11	1.183669999999999943e-11
9.391777423788193652e-12	9.999999999999999395e-12
3.478245516858632228e-12	8.235290000000000546e-12
9.933408205236752372e-12	9.999999999999999395e-12
9.556288715762809009e-12	9.743589999999999683e-12
4.023352959346474798e-12	8.235290000000000546e-12
3.873881850905191485e-11	1.420290000000000040e-11
1.640862300662466913e-12	7.096769999999999860e-12
5.054422864379754514e-11	1.499999999999999990e-11
3.423553032673064300e-11	1.374999999999999937e-11
5.636281182537770173e-11	1.534879999999999938e-11
8.027718681857286495e-11	1.636359999999999946e-11
8.249667915447417161e-11	1.646019999999999968e-11
8.947906240149697636e-11	1.663869999999999937e-11
9.926076485802550865e-11	1.689920000000000134e-11
1.991940788461998352e-11	1.200000000000000057e-11
9.930960628123163343e-11	1.692310000000000086e-11
4.518592516699462231e-11	1.466670000000000091e-11
5.723467050791629173e-12	8.888890000000000104e-12
1.436834978741378958e-11	1.111109999999999938e-11
8.406277495356081150e-11	1.649120000000000065e-11
5.223275301805168173e-11	1.506169999999999993e-11
5.200400332671803439e-12	8.571430000000000768e-12
5.157993887165149755e-11	1.512199999999999958e-11
5.253909262258474322e-12	8.571430000000000768e-12
2.111358268970560049e-11	1.215690000000000043e-11
